Timestamp,FramePerSec,FrameID,Thumb_Ab,Thumb,Index,Middle,Ring_Little,LMC_Thumb Ab,LMC_Thumb,Index_Meta-Proximal,Middle_Meta-Proximal,Ring_Little_Meta-Proximal
1238292323,95,59743,1.058820,31.411660,14.470540,19.411700,15.176420,121.746615,36.572135,5.892520,3.535518,5.541474
1238585466,95,59771,1.058820,23.999920,5.999980,3.882340,5.647040,121.748231,38.145682,7.220030,4.043797,6.061617
1238868298,92,59796,1.058820,22.235220,7.411740,3.882340,5.647040,121.747756,40.063533,8.663697,5.986679,8.109286
1239161543,94,59824,1.058820,18.705820,8.470560,5.999980,7.764680,121.747723,29.028685,8.851309,8.364867,9.149627
1239444403,95,59851,1.058820,28.941080,9.176440,8.470560,9.176440,121.744355,30.669430,8.049125,8.129332,9.378252
1239737655,95,59879,1.058820,35.646940,9.176440,8.823500,9.882320,121.745128,30.820345,7.685929,8.346780,8.430821
1240020743,88,59904,1.058820,34.588120,8.823500,8.823500,9.882320,121.747611,31.963038,12.965616,14.102804,14.301224
1240313867,94,59932,1.058820,33.176360,11.999960,13.411720,14.117600,121.747101,31.975815,21.768146,23.308560,22.765101
1240596531,95,59959,1.058820,31.764600,20.470520,22.588160,22.941100,121.747157,28.640019,65.715302,67.968893,60.498789
1240868857,95,59985,1.058820,35.294000,47.293960,52.588060,50.823360,121.744447,25.216382,81.158983,81.825444,71.448662
1240942222,95,59992,1.058820,37.058700,57.882160,63.529200,60.705680,121.745980,25.187206,82.305586,83.219966,72.675261
1241026019,95,60000,1.058820,39.882220,67.764480,73.058580,66.352720,121.746446,25.328702,83.127846,83.393152,73.268276
1241109830,95,60008,1.058820,43.764560,72.705640,75.882100,67.764480,121.743192,25.593594,83.121325,83.417919,73.195445
1241183151,95,60015,1.058820,44.117500,73.764460,76.235040,67.764480,121.746228,25.658748,83.004617,83.665812,72.862329
1241245985,95,60021,1.058820,43.764560,73.764460,76.235040,67.764480,121.746101,25.937641,83.092756,84.255283,73.086087
1241340157,88,60028,1.058820,43.764560,73.764460,76.235040,67.764480,121.744983,26.279331,83.141646,84.351816,73.278946
1241424133,90,60036,1.058820,43.058680,73.764460,76.235040,67.764480,121.748890,26.584178,82.802514,84.027749,73.785204
1241508227,92,60044,1.058820,42.352800,73.764460,76.235040,67.764480,121.745627,26.876566,82.609802,83.799544,73.855755
1241581149,93,60051,1.058820,41.999860,73.764460,76.235040,67.764480,121.745110,27.028667,82.708066,84.254089,73.812116
1241664899,94,60059,1.058820,41.293980,73.764460,76.235040,67.764480,121.745367,27.635317,81.284898,81.516084,72.753904
1241748819,94,60067,1.058820,41.293980,73.764460,76.235040,67.764480,121.744089,29.360118,75.026971,74.375868,70.379907
1242031727,95,60094,1.058820,37.058700,84.352660,83.646780,79.058560,121.747099,31.347678,30.444575,28.950753,28.616962
1242314308,95,60121,1.058820,34.588120,56.470400,53.646880,47.999840,121.747242,31.030214,14.906849,15.559947,17.198871
1242618043,86,60148,1.058820,33.176360,23.294040,21.882280,22.588160,121.747220,33.221245,2.732178,8.133237,9.475651
1242901394,93,60175,1.058820,31.411660,8.117620,11.647020,12.705840,121.745147,24.518620,11.488392,11.809104,8.093179
1243183681,94,60202,1.058820,38.470460,8.823500,11.999960,9.176440,121.745578,12.043407,12.109156,13.139487,5.551900
1243467068,95,60229,1.058820,57.882160,12.352900,14.117600,6.705860,121.746472,12.291518,3.812358,5.837134,5.658961
1243749254,95,60256,1.058820,67.764480,7.764680,9.176440,5.647040,121.747892,18.440085,0.968896,6.926702,6.799652
1244032065,89,60281,1.058820,60.705680,1.764700,6.705860,6.705860,121.743526,28.172684,2.058319,9.255522,8.498386
1244314861,94,60308,1.058820,46.235140,1.411760,9.529380,8.470560,121.747222,35.897246,0.745988,10.019241,11.152035
1244597765,95,60335,1.058820,30.705780,1.411760,10.588200,11.294080,121.745992,37.817225,1.091580,9.053296,10.158062
1244891320,95,60363,1.058820,22.588160,0.352940,10.588200,11.647020,121.748452,36.183362,7.111995,14.460514,16.474226
1245174158,95,60390,1.058820,22.941100,4.588220,13.764660,15.882300,121.747141,33.847534,69.483903,69.614783,62.112747
1245446056,91,60414,1.058820,26.823440,34.235180,46.235140,46.941020,121.745480,30.011660,83.044976,83.587426,82.844653
1245529833,93,60422,1.058820,27.882260,44.470440,57.176280,56.470400,121.744937,28.915986,83.321310,83.760656,82.664452
1245613623,93,60430,1.058820,30.705780,54.705700,68.117420,65.646840,121.745723,27.551740,83.573756,83.238040,79.075084
1245698103,94,60438,1.058820,35.646940,65.293900,75.882100,69.176240,121.744540,26.380665,83.746865,83.155104,76.429562
1245770734,94,60445,1.058820,38.823400,74.823280,77.999740,69.529180,121.748138,25.929243,83.792015,83.402177,75.950563
1245854542,95,60453,1.058820,41.293980,77.646800,77.999740,69.529180,121.743809,25.908277,83.785721,83.812233,75.961535
1245927871,95,60460,1.058820,42.705740,77.999740,77.999740,69.529180,121.745741,26.155532,83.807338,84.193261,76.531682
1246011751,95,60468,1.058820,42.705740,77.999740,77.999740,69.529180,121.743218,26.497869,83.673269,84.427810,77.349592
1246095554,95,60476,1.058820,42.705740,77.999740,77.999740,69.529180,121.748500,26.814923,83.500260,84.499465,77.861058
1246179283,95,60484,1.058820,41.999860,77.999740,77.999740,69.529180,121.743445,27.228134,83.402974,84.609035,78.173551
1246252474,95,60491,1.058820,41.646920,77.999740,77.999740,69.529180,121.745731,27.720932,83.378226,84.419719,78.237249
1246336452,95,60499,1.058820,40.941040,77.999740,77.999740,69.529180,121.746021,28.679594,82.377921,82.077501,78.048012
1246409648,95,60506,1.058820,39.882220,77.999740,77.999740,69.529180,121.747141,30.245450,78.022754,77.748413,76.534341
1246703974,89,60532,1.058820,35.294000,87.529120,87.176180,86.117360,121.744659,18.174218,14.757311,12.730887,10.122235
1246975251,94,60558,1.058820,46.588080,60.352740,57.882160,52.588060,121.748534,23.677597,6.958207,13.652124,12.089275
1247247636,95,60584,1.058820,51.176300,20.823460,18.705820,15.882300,121.745295,28.127332,15.141540,18.872305,14.895159
1247530508,95,60611,1.058820,41.999860,13.764660,19.411700,15.529360,121.746881,30.113035,13.829151,17.176718,12.407714
1247823673,95,60639,1.058820,36.705760,16.235240,19.764640,14.470540,121.744858,32.661787,7.742363,10.677631,7.794798
1248116917,91,60665,1.058820,32.470480,10.588200,13.764660,9.529380,121.745933,35.489540,80.324595,81.220233,78.346099
1248190343,92,60672,1.058820,31.058720,8.823500,12.352900,8.470560,121.746001,33.342691,81.790317,82.654757,80.738920
1248263498,93,60679,1.058820,28.941080,8.117620,11.999960,8.117620,121.746859,31.849277,82.476481,83.492169,81.018735
1248347493,94,60687,1.058820,28.588140,8.117620,11.999960,8.117620,121.743817,31.375550,82.734302,84.097157,80.831160
1248431249,94,60695,1.058820,31.058720,8.117620,11.999960,8.117620,121.746059,31.070256,82.900645,84.037804,79.611701
1248504487,94,60702,1.058820,32.823420,8.117620,11.999960,8.117620,121.745678,30.941369,82.754603,83.624668,78.226206
1248588293,95,60710,1.058820,33.529300,8.117620,11.999960,8.117620,121.747689,30.727250,82.708447,83.678452,77.269798
1248672116,95,60718,1.058820,34.235180,8.117620,11.999960,8.117620,121.746801,30.638139,82.673034,83.704897,76.631688
1248745377,95,60725,1.058820,34.235180,8.117620,11.999960,8.117620,121.746940,30.544423,82.564110,83.467998,76.969476
1248829226,95,60733,1.058820,34.235180,8.117620,11.999960,8.117620,121.743881,30.369153,82.509990,83.354134,77.380111
1248913000,95,60741,1.058820,34.588120,8.117620,11.999960,8.117620,121.744207,30.365705,82.472882,83.378955,77.340927
1248986319,95,60748,1.058820,34.588120,8.117620,11.999960,8.117620,121.747188,30.378416,82.466846,83.531887,77.283351
1249070077,95,60756,1.058820,34.941060,8.117620,11.999960,8.117620,121.748848,30.370764,82.503622,83.723028,77.259052
1249143504,95,60763,1.058820,34.941060,8.117620,11.999960,8.117620,121.744485,30.340928,82.504989,83.745537,77.311370
1249227180,95,60771,1.058820,34.941060,8.117620,11.999960,8.117620,121.745813,30.292727,82.554286,83.930894,77.789086
1249311910,87,60777,1.058820,34.941060,8.117620,11.999960,8.117620,121.743638,30.235500,82.616382,83.863881,78.002113
1249384300,90,60784,1.058820,34.941060,8.117620,11.999960,8.117620,121.744880,30.585833,80.166394,76.661383,74.362781
1249457636,92,60791,1.058820,34.941060,8.117620,11.999960,8.117620,121.746285,35.318813,66.892025,65.562021,65.265948
1249751867,94,60819,1.058820,26.117560,38.117520,44.823380,40.941040,121.749658,21.506237,5.907680,10.638702,11.664050
1250044194,95,60847,1.058820,40.588100,37.411640,37.058700,34.235180,121.746253,26.472239,3.500888,10.821478,9.845817
1250327013,95,60874,1.058820,45.529260,5.294100,11.999960,11.647020,121.745283,29.016332,6.897157,11.262038,8.873196
1250609721,87,60899,1.058820,38.823400,6.352920,11.999960,10.235260,121.748385,30.559759,8.482056,11.154857,7.591603
1250903079,93,60927,1.058820,35.646940,8.823500,12.352900,9.176440,121.747065,35.368527,35.794502,36.034239,32.403524
1251175413,95,60953,1.058820,29.294020,29.294020,32.470480,29.646960,121.744954,29.513234,72.811030,73.356512,72.948831
1251458473,95,60980,1.058820,31.764600,62.117440,65.646840,61.411560,121.746689,27.490240,81.694032,82.585473,76.934458
1251531502,95,60987,1.058820,34.588120,71.999760,76.235040,70.940940,121.745245,27.431045,82.213353,83.391919,76.942942
1251604804,95,60994,1.058820,37.411640,79.764440,81.176200,79.411500,121.745441,27.502019,82.633461,83.987284,76.867508
1251688553,95,61002,1.058820,39.882220,81.882080,82.235020,81.529140,121.745707,27.455983,82.778736,83.972505,76.738036
1251772404,95,61010,1.058820,39.882220,81.882080,82.235020,81.882080,121.745015,27.388438,82.858144,84.011945,76.617400
1251845817,95,61017,1.058820,39.882220,81.882080,82.235020,81.882080,121.745243,27.365943,82.727786,83.708423,76.468542
1251930629,86,61023,1.058820,40.235160,81.882080,82.235020,81.882080,121.746259,27.331882,82.599122,83.606329,76.180644
1252013241,89,61031,1.058820,40.235160,81.882080,82.235020,81.882080,121.747717,27.382869,82.372165,83.290126,75.473584
1252086723,91,61038,1.058820,40.235160,81.882080,82.235020,81.882080,121.744777,27.661442,80.287389,80.088943,74.203458
1252170649,92,61046,1.058820,40.235160,81.882080,82.235020,81.882080,121.744340,28.576382,76.676758,76.492482,71.974465
1252443968,94,61072,1.058820,38.470460,86.117360,85.764420,81.176200,121.746969,18.102488,29.299610,23.753499,16.804367
1252715102,95,61098,1.058820,48.705720,59.293920,56.823340,49.764540,121.746865,20.343032,5.199853,11.392622,9.502834
1252997868,95,61125,1.058820,54.705700,17.294060,17.647000,13.411720,121.745960,24.719625,3.271368,10.976313,9.048915
1253281976,87,61150,1.058820,47.999840,4.235280,12.352900,10.588200,121.748319,27.894459,3.273153,10.793804,8.602561
1253573932,93,61178,1.058820,41.293980,3.529400,12.352900,9.882320,121.746851,29.994329,3.090969,9.879023,7.899291
1253867260,95,61206,1.058820,37.058700,3.529400,11.294080,9.529380,121.747137,31.543806,3.256665,8.676612,6.870262
1254150002,95,61233,1.058820,33.882240,3.176460,10.235260,8.117620,121.745968,32.590799,4.161075,7.832156,5.810619
1254432869,95,61260,1.058820,32.117540,3.882340,9.529380,6.705860,121.744812,33.301122,7.508132,9.318786,4.730199
1254705363,88,61283,1.058820,31.058720,7.058800,9.176440,5.647040,121.746328,33.687022,6.923100,7.971410,4.302340
1254988376,93,61310,1.058820,29.999900,8.117620,9.529380,4.941160,121.746473,33.694874,6.342471,7.116235,4.044384
1255281439,93,61337,1.058820,29.294020,7.764680,8.117620,4.235280,121.748934,33.610176,6.405685,6.927552,4.004619
1255554381,94,61363,1.058820,29.294020,7.058800,7.764680,3.882340,121.747023,33.463883,2.984674,5.303043,4.639689
1255847743,95,61391,1.058820,29.294020,4.235280,6.352920,3.882340,121.747366,43.859235,81.516593,82.772555,82.765374
1255920204,86,61396,1.058820,29.294020,3.176460,5.999980,3.882340,121.748716,41.868182,82.107395,82.791172,83.068756
1256004101,89,61404,1.058820,25.058740,3.176460,5.294100,3.882340,121.745488,36.338342,82.286052,83.235780,83.532793
1256087794,91,61412,1.058820,15.176420,3.176460,5.294100,3.882340,121.744871,34.790178,82.406495,83.964563,83.805676
1256161052,92,61419,1.058820,20.117580,3.176460,5.294100,3.882340,121.746891,33.531277,82.658117,84.421128,83.898588
1256245185,93,61427,1.058820,25.411680,3.176460,5.294100,3.882340,121.745628,32.703869,82.921565,84.670711,84.253766
1256328644,94,61435,1.058820,27.882260,3.176460,5.294100,3.882340,121.744342,31.720209,83.038216,84.864339,84.313659
1256401913,94,61442,1.058820,29.999900,3.176460,5.294100,3.882340,121.745024,31.060121,83.104644,84.941954,83.887239
1256485729,94,61450,1.058820,32.117540,3.176460,5.294100,3.882340,121.748987,30.648317,83.118287,84.974147,83.173671
1256559074,95,61457,1.058820,33.529300,3.176460,5.294100,3.882340,121.748443,30.193582,83.168964,84.991771,82.961244
1256642894,95,61465,1.058820,34.235180,3.176460,5.294100,3.882340,121.746427,29.653546,83.137468,84.945687,82.540962
1256716260,95,61472,1.058820,34.941060,3.176460,5.294100,3.882340,121.747458,29.594797,83.170499,84.919406,82.216237
1256799934,95,61480,1.058820,35.999880,3.176460,5.294100,3.882340,121.744160,29.533441,83.113760,84.900541,81.956980
1256883713,95,61488,1.058820,35.999880,3.176460,5.294100,3.882340,121.745911,29.589424,83.110449,84.938218,81.702092
1256957249,95,61495,1.058820,36.352820,3.176460,5.294100,3.882340,121.744772,29.621817,83.084308,84.938779,81.706769
1257040883,95,61503,1.058820,36.352820,3.176460,5.294100,3.882340,121.746869,29.801325,83.157885,84.966294,82.463783
1257124626,95,61511,1.058820,36.352820,3.176460,5.294100,3.882340,121.746274,29.655027,83.210990,84.975253,82.499799
1257197996,95,61518,1.058820,35.999880,3.176460,5.294100,3.882340,121.745926,29.727263,83.280820,84.966100,82.600709
1257281751,88,61524,1.058820,35.999880,3.176460,5.294100,3.882340,121.748050,30.034637,82.777604,83.428613,81.515141
1257355193,90,61531,1.058820,35.999880,3.176460,5.294100,3.882340,121.744430,35.693563,73.284676,71.944307,72.450147
1257658875,94,61560,1.058820,25.411680,33.176360,38.823400,36.352820,121.744794,25.435536,2.708342,7.023693,8.912004
1257931888,94,61586,1.058820,34.941060,11.294080,40.235160,37.411640,121.748371,28.983766,1.576445,7.640936,8.938101
1258213973,95,61613,1.058820,40.235160,2.117640,8.117620,9.882320,121.748239,31.919807,5.252008,9.572027,8.871375
1258496845,95,61640,1.058820,34.588120,4.235280,9.529380,9.529380,121.746489,32.997429,7.989637,10.447924,8.210656
1258779557,92,61665,1.058820,31.411660,7.764680,10.941140,9.529380,121.745737,44.598418,81.443965,83.095346,82.743003
1258863370,93,61673,1.058820,30.705780,8.470560,11.294080,9.529380,121.748652,39.420769,83.390793,83.763664,84.156507
1258947170,94,61681,1.058820,25.764620,8.470560,11.294080,9.529380,121.746602,36.026966,83.429810,84.055420,84.657387
1259030962,94,61689,1.058820,17.999940,8.470560,11.294080,9.529380,121.746971,33.718033,83.262325,84.129685,84.857533
1259104327,94,61696,1.058820,21.529340,8.470560,11.294080,9.529380,121.748910,32.027408,83.195218,84.250952,84.883437
1259188018,95,61704,1.058820,26.823440,8.470560,11.294080,9.529380,121.745306,31.220939,83.185422,84.527906,84.781235
1259261367,95,61711,1.058820,30.352840,8.470560,11.294080,9.529380,121.744596,30.615215,83.196453,84.706679,84.312975
1259345248,95,61719,1.058820,32.823420,8.470560,11.294080,9.529380,121.745527,30.175937,83.265534,84.861060,84.030917
1259428995,95,61727,1.058820,33.529300,8.470560,11.294080,9.529380,121.744705,29.973147,83.349102,84.991652,83.851947
1259502587,95,61734,1.058820,34.941060,8.470560,11.294080,9.529380,121.746454,29.929470,83.403148,85.049009,83.806782
1259586167,95,61742,1.058820,35.646940,8.470560,11.294080,9.529380,121.747993,29.600839,83.433352,85.083383,83.209450
1259669889,95,61750,1.058820,35.646940,8.470560,11.294080,9.529380,121.743866,29.626113,83.262602,84.150113,81.284325
1259743646,95,61757,1.058820,35.999880,8.470560,11.294080,9.529380,121.744936,29.881822,79.906911,77.770247,76.817227
1260025937,90,61782,1.058820,35.999880,38.823400,45.529260,43.058680,121.744706,16.835188,12.581818,11.463630,9.583929
1260309735,94,61809,1.058820,47.999840,48.352780,46.235140,14.117600,121.747118,20.408603,5.778228,4.770807,3.961740
1260591772,95,61836,1.058820,55.058640,10.588200,8.470560,5.294100,121.746203,24.841476,9.306795,8.399848,8.398224
1260874618,95,61863,1.058820,48.352780,8.823500,8.117620,7.411740,121.747190,27.602656,12.042306,11.034106,11.139830
1261167805,95,61891,1.058820,41.999860,12.352900,11.294080,11.294080,121.746656,28.782387,12.136734,10.990061,11.247192
1261450429,92,61916,1.058820,39.176340,13.058780,11.999960,11.999960,121.746731,30.362639,11.309951,10.572499,10.505643
1261733227,94,61943,1.058820,36.352820,13.058780,11.999960,11.999960,121.745505,32.122782,10.902764,11.082732,12.393912
1262026632,95,61971,1.058820,33.529300,12.705840,11.294080,13.411720,121.745350,30.992383,14.406444,14.591004,16.523018
1262309265,95,61998,1.058820,32.823420,14.470540,15.176420,16.941120,121.743870,29.326009,14.449494,14.300245,15.661178
1262581648,87,62022,1.058820,35.294000,15.882300,15.882300,17.999940,121.745225,30.388150,14.227528,13.677919,15.118010
1262885364,93,62051,1.058820,35.999880,15.882300,15.882300,17.647000,121.746751,31.997736,12.174233,11.249962,12.301102
1263168969,94,62078,1.058820,33.176360,14.117600,13.058780,14.470540,121.746993,32.689367,11.374318,10.096924,10.705819
1263451087,95,62105,1.058820,31.764600,13.058780,11.999960,12.352900,121.747473,33.002551,12.248268,11.260643,12.177851
1263733882,95,62132,1.058820,31.058720,13.058780,11.647020,12.352900,121.745024,31.378757,12.846140,11.655318,12.905698
1264016593,90,62157,1.058820,31.764600,13.411720,12.352900,13.764660,121.748144,30.824771,13.362906,12.003291,13.420456
1264299387,94,62184,1.058820,32.823420,14.117600,13.058780,14.117600,121.746358,30.073711,13.695668,11.978090,13.743923
1264592782,95,62212,1.058820,34.941060,14.470540,13.058780,14.470540,121.747432,30.015525,12.066593,10.312713,11.965220
1264875572,95,62239,1.058820,35.294000,13.764660,11.999960,14.117600,121.748728,30.933126,12.441633,10.879084,12.734692
1265168786,95,62267,1.058820,34.588120,13.058780,11.294080,13.411720,121.746815,32.551196,13.810853,11.626655,13.254434
1265441048,92,62291,1.058820,32.470480,14.823480,12.352900,13.764660,121.747361,32.407228,16.466025,14.875065,16.405414
1265723876,94,62318,1.058820,31.058720,16.941120,15.176420,17.647000,121.748484,31.487663,16.297954,14.298117,15.336208
1266017250,95,62346,1.058820,32.117540,17.999940,16.235240,17.647000,121.745514,30.618815,15.242184,13.834174,15.083875
1266300088,95,62373,1.058820,33.882240,17.647000,15.529360,16.941120,121.745557,30.545400,14.786153,13.491180,15.238192
1266593212,88,62399,1.058820,34.235180,16.588180,15.529360,16.941120,121.744515,30.465768,13.547855,12.231125,14.366146
1266876039,93,62426,1.058820,34.588120,15.882300,14.470540,16.235240,121.748634,30.115376,13.576956,12.507872,14.550753
1267149163,94,62452,1.058820,34.588120,15.176420,13.764660,15.882300,121.747148,30.088629,12.941332,11.434319,13.715087
1267431083,95,62479,1.058820,35.294000,15.176420,13.411720,15.529360,121.748496,30.666038,12.352259,10.833206,12.946675
1267724418,95,62507,1.058820,35.294000,14.470540,12.352900,14.823480,121.747233,31.151000,13.007387,11.295203,13.343558
1268007871,90,62532,1.058820,34.588120,13.411720,11.647020,14.117600,121.747294,31.255674,14.771323,13.054517,14.731009
1268290048,94,62559,1.058820,33.882240,15.529360,13.764660,15.882300,121.743432,30.445433,14.392771,12.681878,14.608465
1268562447,95,62585,1.058820,34.235180,16.235240,14.117600,16.235240,121.747597,29.561261,14.358922,12.665595,14.257091
1268876585,95,62615,1.058820,35.646940,15.882300,14.117600,16.235240,121.745790,24.990641,7.057002,4.723622,2.041909
1269159454,95,62642,1.058820,40.941040,10.588200,8.470560,6.352920,121.747795,25.244602,1.250244,4.792606,1.777553
