Timestamp,FramePerSec,FrameID,Thumb_Ab,Thumb,Index,Middle,Ring_Little,LMC_Thumb Ab,LMC_Thumb,Index_Meta-Proximal,Middle_Meta-Proximal,Ring_Little_Meta-Proximal
3298024378,86,143767,1.058820,46.588080,27.529320,22.235220,20.117580,121.746768,31.827912,16.341934,15.130366,17.403906
3298309255,90,143793,1.058820,32.117540,18.352880,16.941120,19.411700,121.747661,31.516512,17.432173,16.422318,18.416984
3298594219,91,143819,1.058820,32.117540,18.705820,17.294060,19.764640,121.746720,31.841884,18.233754,17.313349,19.094258
3298868734,91,143844,1.058820,32.823420,19.764640,18.705820,20.823460,121.745875,32.070635,17.556798,16.381902,18.888489
3299152996,91,143870,1.058820,32.470480,20.117580,18.705820,21.176400,121.745683,32.117832,20.107662,20.079118,22.220344
3299438638,87,143894,1.058820,31.764600,21.176400,20.823460,23.646980,121.745573,33.859399,20.882851,20.111738,22.657257
3299711828,90,143919,1.058820,30.352840,22.235220,22.235220,24.705800,121.745909,34.219316,20.735608,20.012907,22.462007
3299996758,91,143945,1.058820,28.941080,22.941100,22.235220,25.058740,121.745654,34.326842,18.490221,17.847581,20.636710
3300281646,91,143971,1.058820,28.235200,21.529340,20.470520,23.646980,121.746171,34.027884,19.649660,21.815901,26.008963
3300567060,91,143997,1.058820,27.882260,21.176400,22.941100,27.529320,121.745877,30.708556,60.331189,55.685727,52.229617
3300851431,87,144021,1.058820,32.117540,47.293960,49.764540,50.470420,121.746895,26.993764,81.842977,81.386687,73.624472
3300928114,88,144028,1.058820,33.529300,57.529220,58.940980,56.823340,121.746040,26.797188,82.752975,82.719366,73.791167
3301016335,89,144036,1.058820,36.352820,65.646840,62.117440,58.588040,121.746052,26.576120,83.096897,83.611866,74.028073
3301092473,90,144043,1.058820,40.588100,67.764480,62.470380,58.588040,121.745858,26.588973,83.220073,83.681869,74.048431
3301169153,86,144049,1.058820,41.646920,67.764480,62.470380,58.588040,121.747930,26.574325,83.223670,83.794817,74.080391
3301256792,88,144057,1.058820,41.646920,67.764480,62.470380,58.588040,121.744458,26.629747,83.376306,83.862229,74.598213
3301333476,89,144064,1.058820,41.646920,67.764480,62.470380,58.588040,121.745596,26.929409,83.194781,83.511407,74.792992
3301410339,89,144071,1.058820,41.646920,67.764480,62.470380,58.588040,121.746575,27.368117,83.056621,83.351471,75.565043
3301497925,90,144079,1.058820,41.293980,67.764480,62.470380,58.588040,121.744230,27.700405,83.002903,83.547235,77.081689
3301574539,90,144086,1.058820,40.588100,67.764480,62.470380,58.588040,121.747351,27.963808,82.992184,83.486709,77.050304
3301651332,90,144093,1.058820,39.882220,67.764480,62.470380,58.588040,121.746483,28.352825,82.727050,83.240174,77.053135
3301728031,90,144100,1.058820,39.176340,67.764480,62.470380,58.588040,121.747467,29.687483,80.017597,81.042009,76.437474
3301815639,91,144108,1.058820,38.470460,67.764480,62.470380,58.588040,121.748345,33.626512,70.550054,71.802303,71.808103
3302089611,83,144131,1.058820,29.294020,79.058560,80.470320,80.470320,121.748441,21.171861,6.049698,10.281783,14.184356
3302386111,87,144157,1.058820,41.646920,48.705720,48.705720,47.293960,121.745033,28.089520,2.827825,8.546594,11.181494
3302682278,90,144184,1.058820,44.470440,7.764680,11.294080,14.117600,121.746851,31.555138,6.086228,9.080692,10.322495
3302966237,91,144210,1.058820,35.294000,5.294100,9.529380,11.999960,121.746947,32.291659,5.139580,6.402439,9.669305
3303251025,91,144236,1.058820,32.823420,5.999980,7.764680,10.941140,121.744909,25.683313,79.248867,80.893349,80.100660
3303327750,91,144243,1.058820,32.470480,8.823500,7.058800,10.588200,121.745009,25.616414,80.517355,81.413176,79.647261
3303415468,91,144251,1.058820,34.941060,19.764640,7.058800,10.588200,121.746901,25.451930,81.796947,82.099014,78.216064
3303492142,83,144256,1.058820,41.999860,31.058720,7.058800,10.588200,121.747664,25.485093,82.052213,82.573184,78.141382
3303569556,85,144263,1.058820,43.764560,42.352800,7.058800,10.588200,121.745733,25.621689,82.234989,83.267591,78.414965
3303645528,87,144270,1.058820,43.764560,53.646880,7.058800,10.588200,121.746518,25.742720,82.549130,83.879857,79.274537
3303733164,89,144278,1.058820,43.411620,64.588020,7.058800,10.588200,121.745925,26.126961,82.671817,84.071430,79.388880
3303809833,89,144285,1.058820,43.058680,76.235040,7.058800,10.588200,121.745154,26.364414,82.787450,84.158939,78.391495
3303886635,90,144292,1.058820,42.705740,85.764420,7.058800,10.588200,121.744744,26.485326,82.857763,84.184469,76.510045
3303974221,90,144300,1.058820,41.999860,88.587940,7.058800,10.588200,121.746522,26.644456,82.782260,84.020260,75.162759
3304050972,90,144307,1.058820,41.999860,88.940880,7.058800,10.588200,121.748595,26.718651,82.791281,83.981521,74.477124
3304128543,90,144314,1.058820,41.646920,88.940880,7.058800,10.588200,121.744727,26.885003,82.808349,83.994234,74.313758
3304215345,91,144322,1.058820,41.646920,88.940880,7.058800,10.588200,121.745310,27.090548,82.819275,83.951287,74.196942
3304292023,91,144329,1.058820,41.293980,88.940880,7.058800,10.588200,121.747040,27.221154,82.766920,83.786207,74.019327
3304368723,91,144336,1.058820,40.941040,88.940880,7.058800,10.588200,121.747338,27.591048,80.857325,79.299415,73.917065
3304445466,91,144343,1.058820,40.588100,88.940880,7.058800,10.588200,121.746168,34.851717,68.860832,65.016132,65.028261
3304730356,91,144369,1.058820,27.176380,77.646800,39.176340,41.999860,121.745449,22.840724,2.012107,7.398751,13.279161
3305004386,87,144392,1.058820,39.176340,46.588080,35.646940,35.999880,121.746037,27.869609,4.089998,8.465621,12.228111
3305278290,90,144417,1.058820,42.705740,6.705860,8.470560,14.117600,121.746298,31.795586,6.623013,9.297859,11.688098
3305563973,90,144443,1.058820,34.941060,5.999980,9.176440,13.764660,121.745702,33.345824,3.821233,8.575078,10.576262
3305858929,91,144470,1.058820,30.705780,4.941160,10.235260,12.352900,121.745088,19.820248,70.099441,70.242774,70.465256
3306143886,91,144496,1.058820,43.411620,31.764600,40.235160,41.999860,121.745197,21.851282,78.797610,79.102479,74.495435
3306439677,88,144521,1.058820,51.529240,69.529180,79.058560,77.293860,121.748751,24.347579,82.394684,83.202801,74.449792
3306516374,89,144528,1.058820,50.470420,79.764440,86.823240,82.587960,121.747714,24.826091,82.441540,83.232895,74.708276
3306593095,89,144535,1.058820,48.705720,86.823240,88.940880,83.646780,121.746305,25.344600,82.501489,83.252769,74.928158
3306669849,90,144542,1.058820,45.529260,88.587940,88.940880,83.646780,121.745963,25.946140,82.627802,83.309992,75.346653
3306746467,90,144549,1.058820,44.117500,88.587940,88.940880,83.646780,121.748278,26.380482,82.724512,83.414347,75.929063
3306834029,90,144557,1.058820,43.058680,88.587940,88.940880,83.646780,121.747798,26.952631,82.816018,83.570690,76.401224
3306910805,90,144564,1.058820,42.352800,88.587940,88.940880,83.646780,121.746152,27.349629,82.900268,83.727454,76.544759
3306987493,86,144570,1.058820,41.293980,88.587940,88.940880,83.646780,121.745233,27.707880,82.913328,83.727609,76.593535
3307064233,87,144577,1.058820,40.588100,88.587940,88.940880,83.646780,121.745250,28.147772,82.875474,83.658778,76.598972
3307151914,89,144585,1.058820,39.882220,88.587940,88.940880,83.646780,121.746058,28.410836,82.885042,83.668377,76.719585
3307228690,89,144592,1.058820,38.823400,88.587940,88.940880,83.646780,121.746792,29.265135,81.919700,82.083473,76.830201
3307316249,90,144600,1.058820,38.117520,88.587940,88.940880,83.646780,121.747525,30.727234,74.060994,74.269239,74.263211
3307590910,90,144625,1.058820,34.588120,83.293840,83.646780,83.646780,121.746987,19.713220,4.745272,9.390377,12.111419
3307875071,88,144649,1.058820,46.588080,50.117480,48.705720,46.941020,121.748316,25.335311,3.251006,8.983638,11.503063
3308159972,90,144675,1.058820,47.999840,8.470560,11.647020,13.764660,121.748275,29.185534,5.637705,9.408800,11.006049
3308455843,91,144702,1.058820,40.235160,4.941160,9.882320,12.352900,121.745665,32.816513,7.197528,9.963642,10.545139
3308729739,91,144727,1.058820,33.529300,7.411740,10.235260,11.999960,121.745621,34.459482,8.152640,10.268151,10.127234
3309015709,81,144751,1.058820,28.941080,8.470560,10.588200,11.294080,121.746019,37.183468,11.657781,19.929673,19.817259
3309299456,89,144777,1.058820,24.705800,11.647020,19.058760,19.411700,121.745895,37.814803,82.055104,83.575118,82.470819
3309377214,89,144784,1.058820,23.294040,12.705840,21.529340,21.529340,121.744296,36.042198,82.025982,83.971126,83.308433
3309452964,90,144791,1.058820,22.235220,12.705840,21.882280,21.882280,121.747533,34.436294,82.367341,84.136298,83.891517
3309529623,90,144798,1.058820,23.646980,12.705840,21.882280,21.882280,121.747081,32.017388,82.413531,83.968649,83.905784
3309617343,90,144806,1.058820,26.470500,12.705840,21.882280,21.882280,121.744405,29.906244,82.678492,84.125539,83.839507
3309693986,90,144813,1.058820,29.999900,12.705840,21.882280,21.882280,121.745563,29.585099,82.932395,84.358483,83.672549
3309770719,91,144820,1.058820,33.882240,12.705840,21.882280,21.882280,121.745151,29.437238,83.089944,84.469599,83.248553
3309858354,91,144828,1.058820,35.999880,12.705840,21.882280,21.882280,121.745585,29.126217,83.255692,84.505114,82.683394
3309935090,91,144835,1.058820,36.352820,12.705840,21.882280,21.882280,121.747087,28.844313,83.352952,84.491789,82.151198
3310011728,91,144842,1.058820,37.058700,12.705840,21.882280,21.882280,121.747046,28.649546,83.269283,84.384611,81.681954
3310088435,91,144849,1.058820,37.411640,12.705840,21.882280,21.882280,121.747213,28.463907,83.100089,84.202867,81.242356
3310176092,91,144857,1.058820,37.764580,12.705840,21.882280,21.882280,121.744329,28.247693,82.910270,84.005971,80.644044
3310252837,91,144864,1.058820,38.117520,12.705840,21.882280,21.882280,121.746623,28.022306,82.768572,83.758106,80.036916
3310329496,91,144871,1.058820,38.470460,12.705840,21.882280,21.882280,121.746355,27.895126,82.691280,83.701822,79.863214
3310418118,82,144877,1.058820,38.823400,12.705840,21.882280,21.882280,121.744731,27.857916,82.675100,83.728935,79.764282
3310493917,85,144884,1.058820,39.176340,12.705840,21.882280,21.882280,121.743487,27.848887,82.690150,83.704795,79.810790
3310570595,87,144891,1.058820,39.176340,12.705840,21.882280,21.882280,121.746770,27.965307,82.637961,83.437266,79.959456
3310636299,88,144897,1.058820,39.176340,12.705840,21.882280,21.882280,121.746835,28.069678,82.540767,83.133883,79.879246
3310734959,86,144905,1.058820,39.176340,12.705840,21.882280,21.882280,121.745440,29.431162,78.375226,78.050713,76.338223
3311009855,89,144930,1.058820,36.705760,41.293980,53.646880,52.941000,121.746038,17.259474,10.125922,12.172455,12.652557
3311293725,91,144956,1.058820,49.764540,16.588180,27.529320,22.235220,121.746236,22.870694,4.197360,10.462125,11.933135
3311578648,91,144982,1.058820,52.588060,7.058800,11.999960,13.764660,121.747187,27.237159,8.568268,12.752007,12.054920
3311874428,85,145007,1.058820,43.764560,7.764680,13.411720,13.411720,121.746128,29.555275,10.492064,13.907072,11.910086
3312148511,89,145032,1.058820,38.117520,10.588200,14.470540,13.411720,121.747587,33.055132,11.035149,13.408679,16.143901
3312422398,90,145057,1.058820,33.176360,11.294080,15.176420,16.588180,121.746182,32.906292,74.535235,74.931816,74.803016
3312696465,91,145082,1.058820,30.352840,40.588100,46.588080,48.705720,121.745299,32.015731,81.649388,83.641520,84.262035
3312773094,91,145089,1.058820,30.352840,51.176300,57.529220,58.588040,121.746998,32.404647,81.826151,84.019025,84.600181
3312861726,90,145097,1.058820,31.058720,61.764500,68.117420,68.470360,121.746545,32.837315,81.907719,84.151980,84.815541
3312937329,91,145104,1.058820,31.411660,71.999760,78.705620,77.999740,121.746738,33.259989,82.007157,84.372848,84.956515
3313014081,91,145111,1.058820,30.705780,81.176200,83.293840,82.940900,121.747026,33.396461,82.237532,84.608449,85.125744
3313101744,91,145119,1.058820,29.999900,83.293840,83.999720,83.999720,121.745842,33.644429,82.241604,84.749878,85.223233
3313156550,91,145124,1.058820,29.294020,83.646780,83.999720,83.999720,121.746334,33.779734,82.175451,84.763692,85.253080
3313255202,84,145131,1.058820,28.941080,83.646780,83.999720,83.999720,121.745454,33.817068,82.137608,84.806363,85.295207
3313331784,86,145138,1.058820,28.941080,83.646780,83.999720,83.999720,121.747510,33.960133,82.182390,84.816188,85.312521
3313420385,88,145146,1.058820,28.588140,83.646780,83.999720,83.999720,121.745606,34.176495,82.204478,84.784104,85.321560
3313496182,89,145153,1.058820,28.235200,83.646780,83.999720,83.999720,121.746482,34.483439,81.487389,84.788919,85.288776
3313572848,89,145160,1.058820,28.235200,83.646780,83.999720,83.999720,121.745080,35.918455,81.549419,84.736333,85.286295
3313649657,90,145167,1.058820,27.529320,83.646780,83.999720,83.999720,121.745789,37.944783,83.003525,84.497265,85.169635
3313737190,90,145175,1.058820,25.764620,83.646780,83.999720,83.999720,121.747179,35.456171,83.162883,83.591693,82.268503
3313813987,90,145182,1.058820,22.941100,83.646780,83.999720,83.999720,121.746730,33.923345,77.941652,78.150374,77.766755
3314098857,91,145208,1.058820,28.235200,87.529120,87.882060,87.176180,121.745185,15.994243,9.888515,10.313538,11.368934
3314361797,91,145232,1.058820,46.235140,56.823340,55.764520,53.646880,121.745992,22.491212,1.502768,9.910748,11.141992
3314646702,84,145256,1.058820,53.999820,14.470540,14.823480,14.823480,121.746179,24.960915,1.870961,9.659312,10.603551
3314931638,89,145282,1.058820,46.235140,1.411760,10.588200,12.352900,121.746638,27.985362,2.558144,8.886227,9.593065
3315216856,90,145308,1.058820,41.999860,2.117640,10.588200,10.941140,121.746229,29.617052,3.395598,8.682394,9.235717
3315490450,91,145333,1.058820,37.764580,2.470580,9.882320,10.588200,121.745627,30.418688,2.281452,7.557064,8.443571
3315786336,91,145360,1.058820,35.294000,2.823520,8.823500,9.882320,121.746228,30.369125,2.336821,6.640557,8.179699
3316071219,85,145384,1.058820,34.941060,2.117640,7.764680,9.529380,121.745693,30.331803,2.566047,6.591567,8.139239
